5594705199631576
4570923990252346
3330957069068672
2841925497526792
0983533134908583
7521119053143828
9011926388498545
2862188552512069
7211398603161550
4754227683488402
2017768708198866
7857882767047363
4978912302419377
4126243246397267
9934265758951368
1739719648554524
9822964162765115
2662412581011432
8153478596620105
8393838095610377
1661431070098079
5060635598154414
3084995596136673
8690641893502900
5957855817378897
9291674067228894
2004427208078820
6608813503301783
7486624029551883
3497528592223902
9830983900880582
2602694352713051
9383418781694135
0943647981917741
8744695176365218
7011796785800755
0224106850970109
3523247491561864
5969241975196292
4895144092531900
1621797721074970
9452201661974835
8537775027062397
0701679734111287
6502577590387583
2427573923923710
6223386229488975
7436266068361112
4253381115037760
7964408437194114
7170508510503648
3099328620962078
1691288024734696
9538024465319850
8685746591566082
2420426654459850
8330151502610267
6159992190783597
5956779016222823
9005813884698823
2345858770254291
1614713784849492
3174288202051647
3648148709641027
4749277693424684
3681779110640337
0646509328589441
5287396483946563
0541181400943738
8140072430479193
7569627567234135
4879038040742260
6430774978643765
3659710740833431
7186076558136407
3561609652550177
1361919652907283
0026127037236801
2139690530294427
9029835119231193
6139404016263917
2318963345053325
9861709435083966
9875296235929103
7121133812924668
5769961590434044
7917649174251629
0221968239264826
6076238925641502
4188974374017863
4359716035121801
9393006603341915
1476426853087290
1579424812247873
9290362015164639
3968839686545606
6929164096366711
9855534451908219
9077049649454688
5440092907747057
3509629617058395
7351161123957784
5437701685187639
6995546463347203
2883681370717409
2138096354768853
8829000911436892
6142558410927273
9806717762063103
8344194525615133
4098053452460383
4603896602181419
5768000922241088
1000484206340639
5783351492059863
1090035440019466
9704506526097156
9100224664360887
8988908141784894
1139696566369934
8645788129588373
4454863839030427
4590441550212646
1426401706315442
9547840806449363
6341096996767962
1217083860799906
8995012860364401
5832739049925970
6036822449779715
1168989222280325
2352307136757070
0355134672664219
8236519785809221
9468742168971848
0652038346929546
6589923900560372
0011097950460486
4359793845820339
2772443548097189
3549247509161138
4957011633445387
3022458192349828
5757876505160367
3243873830196496
8802328798663327
4213194737995484
7333295387914857
2852304469305683
8797735093080763
4579376264162079
4918480082833198
9266545291374876
3444584125641337
6173544860179850
8308800338308336
2674509595570040
8970751075617926
3688009919464159
6191499899232266
6040528509898800
7679840055825288
2864482261450215
0889836672240029
8332263025818650
2731301547735255
8572675732158244
0583031613093538
0780841238637304
7831264906803733
6910501689129124
1664190810210313
8380095584011183
5837910341716106
6125912051772075
4118764956933978
2240473693664819
7635170597670838
2547414793690711
8707465670173881
4139608457982550
8802601655796070
1339513439519211
0375474722540037
0929023605426477
3948670894502625
6561257284700678
4121612801913665
9287868588025316
5867052489026059
3950203943318257
8303196324134986
9238370951122705
1407050313798800
8833072812952248
4466625645018847
9381394360051266
5136161277318799
6347707462022136
8134556871127442
5464243969092412
1644823227092147
5959485578597640
0034724034118681
4950880933453890
5505552571759184
1940508371210944
0216956794367944
1737347278094688
0535178144031059
0852487536427610
1663079480058634
1823103947133005
3890379453686878
9827108346519148
4219380104234155
5644594957589938
7751908481503545
4333797244378387
6266684004174408
3999089711937009
0569356269527238
8240782060489040
9946669197823708
8438867332405799
8852127703130337
4845922638567980
2227496631687090
4726949697973381
2688301587883236
0592376006266730
7569803566667871
8940249659716497
3537398742797884
5509633772039636
9284223164275593
0047688541180439
5023632543506327
2450037642229389
6743312765155797
6037993491109818
5928043800446342
2180399103885430
4490366684237895
4163613806648114
8612105592770692
5017497295831399
9756311182448074
9408600883511429
1038446047964606
2518752229392005
1247788058777933
2996805485281003
3067774425677098
9085054228268562
9338000010851060
7100304470751478
2640957642674082
3588063339399737
7496314059943945
6143764804505678
7425850404169766
3568607645909585
8777859677671430
9649838754298147
5763347472201564
7536230283210028
3278830962480974
4209053092223748
3866361546785080
6027675934625064
4650861596076650
2012878594612980
2961309133068090
5625925951153415
0065879080651443
0205146816524606
4193860852876287
5649064991160936
1022461884027542
4319052475301765
8826486430490790
9497366266156796
0629440014327202
4949546028857946
3312676963198486
8259785935063329
1489771770609266
9549150456823214
9179177074813019
0008770194107817
5610712451878218
0606137746805144
4614096538855002
4955805567004459
4497918559487695
8044008131748129
5912024067464378
4950766674329529
0975018553829295
5082259077429224
8974631592328450
9600616260681070
5224553521824035
5009339386374037
7708807864473049
7093090530371106
8773242393360100
8443300958745785
2966738300153560
9620863032629813
2761389246297718
9463741222480284
9240469061681136
3539375402663428
4628906047779825
1771110726925698
2447063606049034
9011901357649135
3899534338451625
1356612797668689
5344835671374077
2586326937843589
2832146111472321
5923761964623953
7548658510707915
7368155631620650
7462069686000686
2834249723527323
7999570829754186
3736833503275885
7024730253120734
2986740584365533
3040587602966600
5261400444243386
7030877097926458
9787209999258590
6854775426624240
5512202623823300
0180915498211706
1020078557729775
4753405406672005
7415846437618701
3761398932271892
1727805739693861
6868988229577085
0732760276223344
0200106778993426
7175703355603200
8539012340416147
9116864917971678
2064889171195263
2456680639985566
4971967424428490
9033875097764125
7689535466910445
9002981704526120
6185089774423538
2287434743571908
4273943022496999
9866070592218801
3644529827602550
1929959005406573
3645284084334482
5942068988379022
7374754389314135
3425772998319216
7599417292694738
8892248246172672
3793482112380029
4833719641305891
7829979467416999
1097933523741484
2497419234600362
8313800478632324
8989199088323836
1224420611742840
1611345552843383
3556086197459444
6469866253518829
6393917707495857
3382872902298975
8278454196012418
1694836697511938
1189390369196500
5926314252826641
3338982100866452
8201328048802169
9599000885076567
5034222534131728
4447771631101965
3553787505403656
8454953908544325
0568464745284795
3354072162522781
6505487564442125
5367049385539023
4686481356242139
6126740128198607
8388394912278741
1258388769519424
6306925202374274
7481971716872932
9850439535449143
0218004426204544
5516661062766351
4030124246791320
4124111737409367
8921095341241328
4661139129934552
8058296962302730
7525640724356057
7282202947621572
3138999292930429
4978945143700540
0092258556747592
7613118931773416
8089456208475325
7304041360256449
6657151229589297
5629812481652517
9668577457049803
1667729512580997
3691742159298316
0148329600696277
8406550065682773
8761756755028614
8769547373282791
9560591817035298
6078116355254814
5098762865579854
7591585207996111
2291552542715323
6689535213333940
4150524692179865
6388559394015871
3929236898922521
5333108183611546
9749453000493825
9750721068168570
1536315567166524
7845852622901449
1537768249023926
7870701913746053
2081306887051760
8478680848389944
3642025426297873
1884801225732940
2953219280065235
2503826560519587
2400477851520559
7995858435182789
1977445941812334
6382779558901871
3027347445652264
4505854358848177
7162203427718536
4278114866353853
3230517773526342
5811330546146331
6087443445790715
0278717765065500
3445314273876065
7331062615542814
2415835590971353
0217730025993961
3574512153479295
9659634452657449
5585204991017721
0045115892518915
4660820312022941
9708691924523324
4702999283260777
7097448250311715
6225827839375920
5918058219479310
3183177583039130
9500150144253966
2190312430746899
7725641085447505
3631227459660790
3546257927731571
0309050626285266
1974914389492888
5010022819750220
9152983185617827
7470756735334678
0508368457526830
6597654894290806
0921412963741038
9135538820816061
5617755960866690
9704956124553040
7031331622887724
5830050204643389
0124548465017984
9750814751106307
8754508925214231
0202243699401055
5914237903221204
0748728586772601
2210400333973948
5884228367542967
8340187636130415
1548788734980219
0654596992211296
4469258468838780
9157199006621514
6101068819283731
4862166496983255
8741110408663182
7214529757377550
2066412407084475
7364469249109495
0641429569969985
8748845112676472
2677888547899178
2850451003990484
7726572730331667
0705925555725391
8754335906813622
1370027458960260
0456409754440028
1697826794030934
9089935616920117
2756212815212608
4759904399774641
5062823159942961
5144528241487285
0124603260134608
5758600308947424
5704842232274071
0416634432684650
2087099684752643
2639289899159208
0316305560531062
8174979544394572
8554361637363428
0105337613337822
6019142459877243
8849032534730525
5792347469122034
6814007968198302
0425061983227360
3981821900278675
7214272026474145
6937937220569796
2054623171764493
8907425950833384
8997448255544628
5180108615629613
8131863868640802
6798107053318684
5645795215515495
0852938701434556
3978630378086677
3848385134920367
7812483536661130
1219057751301378
3384627608811915
1272957108821414
8079662957717798
2382109571274737
8494412366544288
1065161212817399
4886738833575678
4721251404119773
2309220985643999
7721412364031029
3094446634314333
6001752256584735
6908067473022811
7653379361147439
8355899007771241
0333390666972274
3156247504267990
5448884850946791
3368575227051071
7703965468401532
6737249218821383
5957734402574596
2150779236919988
0963377219297584
5462144046073435
8494064152695188
3758218831795212
7980919342092290
7643470317544180
8306468044892062
