0.0 0.0 0.5 0.0 0.0 0.0 0.0 0.0 0.0909090909091 0.0454545454545 0.272727272727 0.0 0.0909090909091 0.0 
0.0 0.0 0.0 0.4 0.0 0.0 0.0 0.0 0.0 0.0 0.4 0.0 0.2 0.0 
0.177419354839 0.0 0.0 0.361290322581 0.103225806452 0.0 0.0 0.0 0.0225806451613 0.0709677419355 0.112903225806 0.0 0.151612903226 0.0 
0.0 0.125 0.7 0.0 0.04375 0.0 0.0 0.0 0.075 0.0125 0.0 0.0 0.04375 0.0 
0.0 0.0 0.32 0.07 0.0 0.0 0.0 0.2 0.07 0.27 0.0 0.0 0.07 0.0 
0.0 0.0 0.0 0.0 0.0 0.0 0.375 0.0 0.0 0.0 0.0 0.375 0.0 0.25 
0.0 0.0 0.0 0.0 0.0 1.0 0.0 0.0 0.0 0.0 0.0 0.0 0.0 0.0 
0.0 0.0 0.0 0.0 1.0 0.0 0.0 0.0 0.0 0.0 0.0 0.0 0.0 0.0 
0.166666666667 0.0 0.116666666667 0.2 0.116666666667 0.0 0.0 0.0 0.0 0.116666666667 0.0 0.0 0.283333333333 0.0 
0.0714285714286 0.0 0.314285714286 0.0285714285714 0.385714285714 0.0 0.0 0.0 0.1 0.0 0.0 0.0 0.1 0.0 
0.176470588235 0.117647058824 0.205882352941 0.0 0.0 0.0 0.0 0.0 0.0 0.0 0.0 0.0 0.5 0.0 
0.0 0.0 0.0 0.0 0.0 0.375 0.0 0.0 0.0 0.0 0.0 0.0 0.0 0.625 
0.0526315789474 0.0526315789474 0.247368421053 0.0368421052632 0.0368421052632 0.0 0.0 0.0 0.0894736842105 0.0368421052632 0.447368421053 0.0 0.0 0.0 
0.0 0.0 0.0 0.0 0.0 0.285714285714 0.0 0.0 0.0 0.0 0.0 0.714285714286 0.0 0.0 
