0.0 0.0 5.5 0.0 0.0 0.0 0.0 0.0 1.0 0.5 3.0 0.0 1.0 0.0 
0.0 0.0 0.0 2.0 0.0 0.0 0.0 0.0 0.0 0.0 2.0 0.0 1.0 0.0 
5.5 0.0 0.0 11.2 3.2 0.0 0.0 0.0 0.7 2.2 3.5 0.0 4.7 0.0 
0.0 2.0 11.2 0.0 0.7 0.0 0.0 0.0 1.2 0.2 0.0 0.0 0.7 0.0 
0.0 0.0 3.2 0.7 0.0 0.0 0.0 2.0 0.7 2.7 0.0 0.0 0.7 0.0 
0.0 0.0 0.0 0.0 0.0 0.0 3.0 0.0 0.0 0.0 0.0 3.0 0.0 2.0 
0.0 0.0 0.0 0.0 0.0 3.0 0.0 0.0 0.0 0.0 0.0 0.0 0.0 0.0 
0.0 0.0 0.0 0.0 2.0 0.0 0.0 0.0 0.0 0.0 0.0 0.0 0.0 0.0 
1.0 0.0 0.7 1.2 0.7 0.0 0.0 0.0 0.0 0.7 0.0 0.0 1.7 0.0 
0.5 0.0 2.2 0.2 2.7 0.0 0.0 0.0 0.7 0.0 0.0 0.0 0.7 0.0 
3.0 2.0 3.5 0.0 0.0 0.0 0.0 0.0 0.0 0.0 0.0 0.0 8.5 0.0 
0.0 0.0 0.0 0.0 0.0 3.0 0.0 0.0 0.0 0.0 0.0 0.0 0.0 5.0 
1.0 1.0 4.7 0.7 0.7 0.0 0.0 0.0 1.7 0.7 8.5 0.0 0.0 0.0 
0.0 0.0 0.0 0.0 0.0 2.0 0.0 0.0 0.0 0.0 0.0 5.0 0.0 0.0 
