1012877450215153
9957034079705667
2318963345053325
8985814258387886
6868988229577085
3952006459039658
8612105592770692
1020078557729775
4238249453763776
9083275664439572
7425850404169766
2180399103885430
8921095341241328
1739719648554524
6636516434595117
1076000806072027
1124111134306190
4458330446178508
7964408437194114
2586311977350388
0133246013470288
9272009062618107
4273943022496999
7507006796023954
8095789908940383
1272957108821414
3218331302559025
5860617664784376
5392568548228414
9904579095302578
6113878270400258
4016632420686251
3648148709641027
8150152523011688
5241799121437269
6502577590387583
6465314260773099
9530671289607786
8134556871127442
1929576902623348
7202319892868540
6505487564442125
6027675934625064
1664190810210313
1370027458960260
