0.0 0.0 0.0 0.0 0.0 0.0 0.0 0.0 0.0 0.0 0.0 0.25 0.0 0.0 0.0 0.0 0.0 0.0 0.0 0.0 0.375 0.0 0.0 0.0 0.0 0.0 0.0 0.0 0.0 0.0 0.0 0.0 0.0 0.25 0.0 0.0 0.0 0.0 0.125 0.0 0.0 0.0 0.0 0.0 0.0 
0.0 0.0 0.222222222222 0.0 0.0 0.0 0.0 0.0 0.0 0.0 0.0 0.0 0.0 0.416666666667 0.0 0.25 0.0 0.0833333333333 0.0 0.0277777777778 0.0 0.0 0.0 0.0 0.0 0.0 0.0 0.0 0.0 0.0 0.0 0.0 0.0 0.0 0.0 0.0 0.0 0.0 0.0 0.0 0.0 0.0 0.0 0.0 0.0 
0.0 0.285714285714 0.0 0.0 0.0 0.0 0.0 0.0 0.0 0.0 0.0 0.0 0.0 0.285714285714 0.0 0.0 0.0 0.0 0.0 0.0 0.0 0.0 0.0 0.0 0.0 0.0 0.0 0.0 0.0 0.285714285714 0.0 0.0 0.0 0.0 0.0 0.142857142857 0.0 0.0 0.0 0.0 0.0 0.0 0.0 0.0 0.0 
0.0 0.0 0.0 0.0 0.0 1.0 0.0 0.0 0.0 0.0 0.0 0.0 0.0 0.0 0.0 0.0 0.0 0.0 0.0 0.0 0.0 0.0 0.0 0.0 0.0 0.0 0.0 0.0 0.0 0.0 0.0 0.0 0.0 0.0 0.0 0.0 0.0 0.0 0.0 0.0 0.0 0.0 0.0 0.0 0.0 
0.0 0.0 0.0 0.0 0.0 0.0 0.0405797101449 0.0 0.0 0.0 0.0992753623188 0.0 0.255072463768 0.0 0.0 0.0 0.0 0.0 0.34384057971 0.0 0.0 0.0 0.0 0.0 0.0 0.0217391304348 0.0 0.075 0.0217391304348 0.0 0.0 0.0 0.0 0.0 0.0054347826087 0.00724637681159 0.125724637681 0.00434782608696 0.0 0.0 0.0 0.0 0.0 0.0 0.0 
0.0 0.0 0.0 0.5 0.0 0.0 0.0 0.0 0.0 0.0 0.0 0.0 0.0 0.0 0.0 0.0 0.0 0.0 0.0 0.0 0.0 0.0 0.0 0.0 0.0 0.0 0.0 0.0 0.0 0.0 0.0 0.0 0.0 0.0 0.0 0.0 0.0 0.0 0.0 0.0 0.0 0.0 0.5 0.0 0.0 
0.0 0.0 0.0 0.0 0.124444444444 0.0 0.0 0.0 0.0 0.0 0.0133333333333 0.0 0.235555555556 0.0 0.0 0.0 0.0 0.0 0.307777777778 0.0 0.0 0.0 0.0 0.0 0.0 0.0 0.0 0.03 0.0 0.0 0.0 0.0 0.0 0.0 0.0166666666667 0.0 0.272222222222 0.0 0.0 0.0 0.0 0.0 0.0 0.0 0.0 
0.0 0.0 0.0 0.0 0.0 0.0 0.0 0.0 0.333333333333 0.0 0.0 0.666666666667 0.0 0.0 0.0 0.0 0.0 0.0 0.0 0.0 0.0 0.0 0.0 0.0 0.0 0.0 0.0 0.0 0.0 0.0 0.0 0.0 0.0 0.0 0.0 0.0 0.0 0.0 0.0 0.0 0.0 0.0 0.0 0.0 0.0 
0.0 0.0 0.0 0.0 0.0 0.0 0.0 0.0909090909091 0.0 0.0 0.0 0.0 0.0 0.0 0.0 0.0 0.0 0.0 0.0 0.0 0.0 0.0 0.166666666667 0.0454545454545 0.0 0.212121212121 0.0 0.0 0.0 0.0 0.0 0.0 0.0 0.30303030303 0.0 0.0 0.0 0.0 0.0 0.0 0.0 0.0 0.0 0.0 0.181818181818 
0.0 0.0 0.0 0.0 0.0 0.0 0.0 0.0 0.0 0.0 0.0 0.0 0.0 0.0 0.0 0.0 0.0 0.0 0.0 0.0 0.0 0.0 0.0 0.0 0.0 0.0 0.0 0.0 0.0 1.0 0.0 0.0 0.0 0.0 0.0 0.0 0.0 0.0 0.0 0.0 0.0 0.0 0.0 0.0 0.0 
0.0 0.0 0.0 0.0 0.304444444444 0.0 0.0133333333333 0.0 0.0 0.0 0.0 0.0 0.337777777778 0.0 0.0 0.0 0.0 0.0 0.204444444444 0.0 0.0 0.0 0.0 0.0 0.0 0.0 0.0 0.0466666666667 0.0 0.0 0.0 0.0 0.0 0.0 0.0 0.0 0.08 0.0133333333333 0.0 0.0 0.0 0.0 0.0 0.0 0.0 
0.25 0.0 0.0 0.0 0.0 0.0 0.0 0.25 0.0 0.0 0.0 0.0 0.0 0.0 0.0 0.0 0.0 0.0 0.0 0.0 0.0 0.0 0.0 0.0 0.291666666667 0.0 0.0 0.0 0.0 0.0 0.0416666666667 0.0 0.0 0.0 0.0 0.0 0.0 0.0 0.0 0.0 0.0 0.0 0.0416666666667 0.125 0.0 
0.0 0.0 0.0 0.0 0.293333333333 0.0 0.0883333333333 0.0 0.0 0.0 0.126666666667 0.0 0.0 0.0 0.0 0.0 0.0 0.0 0.312083333333 0.0 0.0 0.0 0.0 0.0 0.0 0.0 0.0 0.02375 0.05 0.0 0.025 0.0 0.0 0.0 0.01875 0.00833333333333 0.04875 0.005 0.0 0.0 0.0 0.0 0.0 0.0 0.0 
0.0 0.0721153846154 0.0384615384615 0.0 0.0 0.0 0.0 0.0 0.0 0.0 0.0 0.0 0.0 0.0 0.0 0.116987179487 0.0 0.415064102564 0.0 0.325320512821 0.0 0.0 0.0 0.0 0.0 0.00641025641026 0.0 0.0 0.0 0.00641025641026 0.0 0.0 0.0 0.0 0.0192307692308 0.0 0.0 0.0 0.0 0.0 0.0 0.0 0.0 0.0 0.0 
0.0 0.0 0.0 0.0 0.0 0.0 0.0 0.0 0.0 0.0 0.0 0.0 0.0 0.0 0.0 0.0 0.0 0.0 0.0 0.0 0.0 0.0 0.0 0.0 0.0 0.0 0.0 0.0 0.0 0.0 0.0 0.0 0.0 0.0 0.0 0.0 0.0 0.0 0.0 0.0 0.0 0.0 0.0 0.0 0.0 
0.0 0.1125 0.0 0.0 0.0 0.0 0.0 0.0 0.0 0.0 0.0 0.0 0.0 0.304166666667 0.0 0.0 0.0 0.129166666667 0.05 0.304166666667 0.0 0.05 0.0 0.0 0.0 0.0 0.0 0.0 0.0 0.0 0.0 0.0 0.0 0.0 0.0 0.0 0.0 0.0 0.0 0.0 0.0 0.0 0.0 0.0 0.05 
0.0 0.0 0.0 0.0 0.0 0.0 0.0 0.0 0.0 0.0 0.0 0.0 0.0 0.0 0.0 0.0 0.0 0.0 0.0 0.0 0.0 0.0 0.0 0.0 0.0 0.0 0.0 0.0 0.0 0.0 0.0 0.0 0.0 0.0 0.0 0.0 0.0 0.0 0.0 0.0 0.0 0.0 0.0 0.0 0.0 
0.0 0.0234375 0.0 0.0 0.0 0.0 0.0 0.0 0.0 0.0 0.0 0.0 0.0 0.674479166667 0.0 0.0807291666667 0.0 0.0 0.0 0.127604166667 0.0 0.0 0.0 0.0 0.0 0.0 0.0 0.0 0.0 0.0 0.0 0.0 0.0 0.0 0.0 0.0 0.0 0.0 0.0 0.0 0.0 0.0 0.0 0.09375 0.0 
0.0 0.0 0.0 0.0 0.351481481481 0.0 0.102592592593 0.0 0.0 0.0 0.0681481481481 0.0 0.277407407407 0.0 0.0 0.0222222222222 0.0 0.0 0.0 0.0 0.0 0.0 0.0 0.0 0.0 0.0 0.0 0.0933333333333 0.0222222222222 0.0 0.0 0.0 0.0 0.0 0.0277777777778 0.00740740740741 0.022962962963 0.00444444444444 0.0 0.0 0.0 0.0 0.0 0.0 0.0 
0.0 0.00862068965517 0.0 0.0 0.0 0.0 0.0 0.0 0.0 0.0 0.0 0.0 0.0 0.583333333333 0.0 0.209770114943 0.0 0.140804597701 0.0 0.0 0.0 0.0 0.0 0.0 0.0 0.0114942528736 0.0 0.0 0.0 0.0114942528736 0.0344827586207 0.0 0.0 0.0 0.0 0.0 0.0 0.0 0.0 0.0 0.0 0.0 0.0 0.0 0.0 
0.3 0.0 0.0 0.0 0.0 0.0 0.0 0.0 0.0 0.0 0.0 0.0 0.0 0.0 0.0 0.0 0.0 0.0 0.0 0.0 0.0 0.0 0.0 0.0 0.0 0.0 0.0 0.0 0.0 0.1 0.0 0.0 0.0 0.0 0.0 0.0 0.05 0.0 0.55 0.0 0.0 0.0 0.0 0.0 0.0 
0.0 0.0 0.0 0.0 0.0 0.0 0.0 0.0 0.0 0.0 0.0 0.0 0.0 0.0 0.0 0.0714285714286 0.0 0.0 0.0 0.0 0.0 0.0 0.452380952381 0.166666666667 0.0 0.238095238095 0.0 0.0 0.0 0.0 0.0 0.0 0.0 0.0714285714286 0.0 0.0 0.0 0.0 0.0 0.0 0.0 0.0 0.0 0.0 0.0 
0.0 0.0 0.0 0.0 0.0 0.0 0.0 0.0 0.0654761904762 0.0 0.0 0.0 0.0 0.0 0.0 0.0 0.0 0.0 0.0 0.0 0.0 0.22619047619 0.0 0.386904761905 0.0 0.27380952381 0.0178571428571 0.0 0.0 0.0 0.0178571428571 0.0 0.0 0.0119047619048 0.0 0.0 0.0 0.0 0.0 0.0 0.0 0.0 0.0 0.0 0.0 
0.0 0.0 0.0 0.0 0.0 0.0 0.0 0.0 0.0238095238095 0.0 0.0 0.0 0.0 0.0 0.0 0.0 0.0 0.0 0.0 0.0 0.0 0.111111111111 0.515873015873 0.0 0.0 0.301587301587 0.0238095238095 0.0 0.0 0.0 0.0238095238095 0.0 0.0 0.0 0.0 0.0 0.0 0.0 0.0 0.0 0.0 0.0 0.0 0.0 0.0 
0.0 0.0 0.0 0.0 0.0 0.0 0.0 0.0 0.0 0.0 0.0 0.259259259259 0.0 0.0 0.0 0.0 0.0 0.0 0.0 0.0 0.0 0.0 0.0 0.0 0.0 0.0 0.111111111111 0.0 0.0 0.0 0.037037037037 0.0 0.0 0.0 0.0 0.0 0.0 0.0 0.0 0.0 0.0 0.0 0.037037037037 0.0 0.555555555556 
0.0 0.0 0.0 0.0 0.0416666666667 0.0 0.0 0.0 0.0972222222222 0.0 0.0 0.0 0.0 0.0138888888889 0.0 0.0 0.0 0.0 0.0 0.0138888888889 0.0 0.138888888889 0.319444444444 0.263888888889 0.0 0.0 0.0 0.0 0.0416666666667 0.0138888888889 0.0 0.0 0.0 0.0138888888889 0.0 0.0 0.0 0.0416666666667 0.0 0.0 0.0 0.0 0.0 0.0 0.0 
0.0 0.0 0.0 0.0 0.0 0.0 0.0 0.0 0.0 0.0 0.0 0.0 0.0 0.0 0.0 0.0 0.0 0.0 0.0 0.0 0.0 0.0 0.25 0.25 0.5 0.0 0.0 0.0 0.0 0.0 0.0 0.0 0.0 0.0 0.0 0.0 0.0 0.0 0.0 0.0 0.0 0.0 0.0 0.0 0.0 
0.0 0.0 0.0 0.0 0.191666666667 0.0 0.025 0.0 0.0 0.0 0.0388888888889 0.0 0.0527777777778 0.0 0.0 0.0 0.0 0.0 0.233333333333 0.0 0.0 0.0 0.0 0.0 0.0 0.0 0.0 0.0 0.0 0.0 0.0 0.0 0.0 0.0 0.0277777777778 0.0 0.0416666666667 0.0555555555556 0.0 0.333333333333 0.0 0.0 0.0 0.0 0.0 
0.0 0.0 0.0 0.0 0.0666666666667 0.0 0.0 0.0 0.0 0.0 0.0 0.0 0.133333333333 0.0 0.0 0.0 0.0 0.0 0.0666666666667 0.0 0.0 0.0 0.0 0.0 0.0 0.0666666666667 0.0 0.0 0.0 0.0 0.0 0.0 0.0 0.0 0.0 0.0 0.111111111111 0.0444444444444 0.0 0.0 0.0333333333333 0.0 0.0 0.433333333333 0.0444444444444 
0.0 0.0 0.181818181818 0.0 0.0 0.0 0.0 0.0 0.0 0.636363636364 0.0 0.0 0.0 0.030303030303 0.0 0.0 0.0 0.0 0.0 0.030303030303 0.0909090909091 0.0 0.0 0.0 0.0 0.030303030303 0.0 0.0 0.0 0.0 0.0 0.0 0.0 0.0 0.0 0.0 0.0 0.0 0.0 0.0 0.0 0.0 0.0 0.0 0.0 
0.0 0.0 0.0 0.0 0.0 0.0 0.0 0.0 0.0 0.0 0.0 0.0555555555556 0.166666666667 0.0 0.0 0.0 0.0 0.0 0.0 0.166666666667 0.0 0.0 0.0833333333333 0.0833333333333 0.0555555555556 0.0 0.0 0.0 0.0 0.0 0.0 0.0 0.0 0.0 0.0 0.0 0.0 0.0 0.0 0.0 0.0 0.333333333333 0.0555555555556 0.0 0.0 
0.0 0.0 0.0 0.0 0.0 0.0 0.0 0.0 0.0 0.0 0.0 0.0 0.0 0.0 0.0 0.0 0.0 0.0 0.0 0.0 0.0 0.0 0.0 0.0 0.0 0.0 0.0 0.0 0.0 0.0 0.0 0.0 0.0 0.0 0.152777777778 0.0 0.0 0.152777777778 0.0 0.569444444444 0.125 0.0 0.0 0.0 0.0 
0.0 0.0 0.0 0.0 0.0 0.0 0.0 0.0 0.0 0.0 0.0 0.0 0.0 0.0 0.0 0.0 0.0 0.0 0.0 0.0 0.0 0.0 0.0 0.0 0.0 0.0 0.0 0.0 0.0 0.0 0.0 0.0 0.0 0.0 0.0 0.0 0.666666666667 0.333333333333 0.0 0.0 0.0 0.0 0.0 0.0 0.0 
0.2 0.0 0.0 0.0 0.0 0.0 0.0 0.0 0.333333333333 0.0 0.0 0.0 0.0 0.0 0.0 0.0 0.0 0.0 0.0 0.0 0.0 0.1 0.0333333333333 0.0 0.0 0.0333333333333 0.0 0.0 0.0 0.0 0.0 0.0 0.0 0.0 0.0 0.0 0.0 0.0 0.0 0.0 0.0 0.0 0.0 0.2 0.1 
0.0 0.0 0.0 0.0 0.0192307692308 0.0 0.0192307692308 0.0 0.0 0.0 0.0 0.0 0.0576923076923 0.0769230769231 0.0 0.0 0.0 0.0 0.0961538461538 0.0 0.0 0.0 0.0 0.0 0.0 0.0 0.0 0.0384615384615 0.0 0.0 0.0 0.0705128205128 0.0 0.0 0.0 0.0 0.0 0.147435897436 0.0769230769231 0.0705128205128 0.173076923077 0.153846153846 0.0 0.0 0.0 
0.0 0.0 0.125 0.0 0.0416666666667 0.0 0.0 0.0 0.0 0.0 0.0 0.0 0.0416666666667 0.0 0.0 0.0 0.0 0.0 0.0416666666667 0.0 0.0 0.0 0.0 0.0 0.0 0.0 0.0 0.0 0.0 0.0 0.0 0.0 0.0 0.0 0.0 0.0 0.75 0.0 0.0 0.0 0.0 0.0 0.0 0.0 0.0 
0.0 0.0 0.0 0.0 0.192777777778 0.0 0.136111111111 0.0 0.0 0.0 0.04 0.0 0.065 0.0 0.0 0.0 0.0 0.0 0.0344444444444 0.0 0.0166666666667 0.0 0.0 0.0 0.0 0.0 0.0 0.025 0.0555555555556 0.0 0.0 0.0 0.0666666666667 0.0 0.0 0.2 0.0 0.0955555555556 0.05 0.0 0.0 0.0 0.0 0.0 0.0222222222222 
0.0 0.0 0.0 0.0 0.0117647058824 0.0 0.0 0.0 0.0 0.0 0.0117647058824 0.0 0.0117647058824 0.0 0.0 0.0 0.0 0.0 0.0117647058824 0.0 0.0 0.0 0.0 0.0 0.0 0.0588235294118 0.0 0.0588235294118 0.0392156862745 0.0 0.0 0.0539215686275 0.0588235294118 0.0 0.112745098039 0.0 0.16862745098 0.0 0.0 0.191176470588 0.0343137254902 0.0588235294118 0.0 0.0196078431373 0.0980392156863 
0.111111111111 0.0 0.0 0.0 0.0 0.0 0.0 0.0 0.0 0.0 0.0 0.0 0.0 0.0 0.0 0.0 0.0 0.0 0.0 0.0 0.611111111111 0.0 0.0 0.0 0.0 0.0 0.0 0.0 0.0 0.0 0.0 0.0 0.0 0.0 0.111111111111 0.0 0.166666666667 0.0 0.0 0.0 0.0 0.0 0.0 0.0 0.0 
0.0 0.0 0.0 0.0 0.0 0.0 0.0 0.0 0.0 0.0 0.0 0.0 0.0 0.0 0.0 0.0 0.0 0.0 0.0 0.0 0.0 0.0 0.0 0.0 0.0 0.0 0.0 0.352941176471 0.0 0.0 0.0 0.200980392157 0.0 0.0 0.0539215686275 0.0 0.0 0.191176470588 0.0 0.0 0.122549019608 0.0 0.0 0.078431372549 0.0 
0.0 0.0 0.0 0.0 0.0 0.0 0.0 0.0 0.0 0.0 0.0 0.0 0.0 0.0 0.0 0.0 0.0 0.0 0.0 0.0 0.0 0.0 0.0 0.0 0.0 0.0 0.0 0.0 0.0384615384615 0.0 0.0 0.0576923076923 0.0 0.0 0.173076923077 0.0 0.0 0.0448717948718 0.0 0.160256410256 0.0 0.0 0.0 0.525641025641 0.0 
0.0 0.0 0.0 0.0 0.0 0.0 0.0 0.0 0.0 0.0 0.0 0.0 0.0 0.0 0.0 0.0 0.0 0.0 0.0 0.0 0.0 0.0 0.0 0.0 0.0 0.0 0.0 0.0 0.0 0.0 0.4 0.0 0.0 0.0 0.4 0.0 0.0 0.2 0.0 0.0 0.0 0.0 0.0 0.0 0.0 
0.0 0.0 0.0 0.0 0.0 0.5 0.0 0.0 0.0 0.0 0.0 0.166666666667 0.0 0.0 0.0 0.0 0.0 0.0 0.0 0.0 0.0 0.0 0.0 0.0 0.166666666667 0.0 0.0 0.0 0.0 0.0 0.166666666667 0.0 0.0 0.0 0.0 0.0 0.0 0.0 0.0 0.0 0.0 0.0 0.0 0.0 0.0 
0.0 0.0 0.0 0.0 0.0 0.0 0.0 0.0 0.0 0.0 0.0 0.047619047619 0.0 0.0 0.0 0.0 0.0 0.142857142857 0.0 0.0 0.0 0.0 0.0 0.0 0.0 0.0 0.0 0.0 0.309523809524 0.0 0.0 0.0 0.0 0.0952380952381 0.0 0.0 0.0 0.015873015873 0.0 0.0634920634921 0.325396825397 0.0 0.0 0.0 0.0 
0.0 0.0 0.0 0.0 0.0 0.0 0.0 0.0 0.166666666667 0.0 0.0 0.0 0.0 0.0 0.0 0.0833333333333 0.0 0.0 0.0 0.0 0.0 0.0 0.0 0.0 0.416666666667 0.0 0.0 0.0 0.0555555555556 0.0 0.0 0.0 0.0 0.0833333333333 0.0 0.0 0.0555555555556 0.138888888889 0.0 0.0 0.0 0.0 0.0 0.0 0.0 
