3330957069068672
5983352988660202
9217754427341680
9895876915278819
8528629106397028
2862188552512069
2307539410069498
3316632173870389
4123820050238561
6120770943551819
7880677944179375
8153478596620105
4180786468332732
6393917707495857
1661431070098079
3084995596136673
7486624029551883
2074092229766361
9830983900880582
7166656394057492
0729563959610211
9383418781694135
2810171862760531
8199171761219334
1621797721074970
7897675631080409
1966243384227586
8484079943849728
1464738223612892
6223386229488975
6788876243255544
9390281442853604
7331847377247593
1322224463461529
6159992190783597
3753130567434508
3174288202051647
3591975090418593
9005813884698823
0916381936805498
3561609652550177
7776990482287479
4008465707692383
9753242005695173
7121133812924668
1646333118423328
6236298499867890
5678829298785907
7456965189206572
7217273959313621
7857882767047363
7417258240533689
3861623344240310
2267633698787099
4701308991301121
8480345726549623
7890789338463575
4284141539332724
5440092907747057
7351161123957784
0694517432490437
8050155991809819
6995546463347203
1696590212050378
3189235726130923
8829000911436892
6530489365457397
7266525957519922
0633684421168567
9822964162765115
4603896602181419
5158246986589271
7193325538489164
8735338057242087
8393838095610377
5045219287416130
9100224664360887
6679560433289862
4700701349495427
1865443718607608
6851937188413408
9981356658414577
7751908481503545
0176890762129093
6311243154403050
3216456737953353
4929660566842694
1973278666980323
0167107782201558
3399300304570240
3330444987520974
0034724034118681
7905407608980935
5997057316046460
4957011633445387
1563368310311263
1874154489225318
3481959230309648
3278830962480974
4949546028857946
5695431457826528
0514826061467952
7352338745494587
4711095243531739
2986740584365533
9838820619811433
4351583784137968
1491726437578008
2602694352713051
3540267057351606
9059675098804893
5629812481652517
0536699520615124
5400214667102569
2313089863333802
0849366187027829
8379358682656422
7730216545648505
7069479148284375
8642128462270383
4454863839030427
2091947325900645
8162101208854534
9238370951122705
2520362017653543
4466625645018847
6347707462022136
6712126934542017
3070199449375487
5267666794914527
1940508371210944
9719769943147183
2216231625909666
3142225155853707
0535178144031059
2878770983264825
9578459579439565
7033780886100748
3635457824763153
1962760740425690
3549247509161138
8308800338308336
5245323548584648
9287728788722111
8852127703130337
3536508092502224
1513563548622531
7586275285433094
0048184478739737
3909676950533818
1173968330066641
3537398742797884
7977489515345196
2227496631687090
2450037642229389
4268408817706687
9214586617340646
0387382645418034
2870225310866138
5017497295831399
8976612994194612
9014880928943124
1038446047964606
9983212515469433
5893351384767438
4086262812397251
8055725246235325
1192140416696712
8812411224870509
8406550065682773
6173242476421188
3949776547122451
4030124246791320
6249003853117061
9318561943290334
6379671586112082
4660820312022941
5586150068846048
2012878594612980
4073771214188337
5144528241487285
5931245052325497
0629440014327202
7121719876219621
6502361470132796
2113773517516582
0390813731547672
1604780720714728
9239824143586213
8953018818239474
2659279737539051
4955805567004459
7180550341709574
5912024067464378
3818384438768032
1936918204936076
8095867206460663
9756311182448074
2964829383120203
9620863032629813
2476843545735678
9463741222480284
9240469061681136
8400813348774395
3178278202717380
4389451719079481
2586326937843589
4834272403601390
7395437599965641
3299233035478343
7404029442077952
4175384456403655
9632331329760037
8034867338455796
3200226780923332
5625925951153415
0640202030377189
0860844016463817
7173069660592793
9194064462650327
3761398932271892
3112674950616014
5596501529376678
5534145837431294
2456680639985566
7493606113282545
9282845357393710
2045797078869239
7689535466910445
5215056655569619
9394349799112358
0818254462635138
9601683263966731
9866070592218801
7911590715109618
9239479001909903
4714893661827765
8332947746471867
7757132481753967
2017768708198866
2016288997135706
1063219963973221
3081145376769567
6506723425245603
5688274152033408
3068157644219284
9879290889038293
2255520854056029
2896416460841917
5186290882980963
5173511080564745
4359793845820339
8538067852026934
7599417292694738
8388394912278741
3914254659612076
7560349577554483
5038187828154288
7481971716872932
2712981005624502
7264505243864648
0926280567029877
4687831246080393
0218864777827621
8692762060973151
5633780589132152
7391947801688113
4845922638567980
1498860966414116
9668577457049803
7678807521621318
0888841150856549
3977660018939385
1413137090510984
9921009340150588
3945256144044744
3929236898922521
5217316563176711
5261400444243386
1537768249023926
5523220625354086
9925385142772538
9659634452657449
5727835552034709
6340524981545567
0176106507905120
7162203427718536
5193823166051495
7495179617066860
7314043785894098
7474569754551089
9363711121814832
4276820048204968
8789337955612726
7011885296612206
4278114866353853
2297919601343325
1271428480834688
9506327103940883
8527156049907928
5127688686676224
0890641298623165
0748728586772601
7164437521909097
3183177583039130
8554361637363428
5520312326603020
0958653182481853
2238559265817519
6910552282025122
2280062846829854
0921412963741038
9135538820816061
6713869781529181
5367196964195146
8650072156869898
8314282136537506
7177706301964248
7116144690986974
2961309133068090
1097933523741484
1548788734980219
3133602789077723
9077049649454688
9157199006621514
9343580645983784
4736597417436608
7171755235404296
1356235229892935
1078619223922563
3794235930509788
2850451003990484
0896127016242466
8928298871357429
4686343934658346
9284223164275593
3687045666859962
4454192933361732
5758600308947424
3961248159240172
4384542921487258
4800585541587512
7214272026474145
2054623171764493
2546086206524763
4506719768641635
0123128319553199
1515884409731208
1534956621971641
0586473539786120
1744772349431350
3978630378086677
4407130301215869
4882603053757071
6216156082895735
5644989156794557
4886738833575678
3733436812154457
2081306887051760
7445955509219546
4426239111929852
8018228570446560
2544272063071522
7470756735334678
3156247504267990
2811788924243384
8107885630518211
2150779236919988
6796821797560759
5778443771600021
4633156152602828
3758218831795212
7980919342092290
2086113217707380
4304410780265963
6948514457760354
9011926388498545
1210717664951471
1586872535328858
3724928410617721
2108428395559579
3423088966157066
5060635598154414
1931311514624483
8690641893502900
1563815489548742
4201494910982559
7838408308841051
0368851774850879
8859564182139636
6812480293653692
5952008546245434
8947852588849162
9534770710875773
0449468009607784
5890663810432944
7031942720536256
9452201661974835
0365353857393615
6123114287861055
3099328620962078
7311316871993184
4965089463046103
1637297004046478
4198086582724185
8330151502610267
4537139465076781
2345858770254291
1614713784849492
1744870889843708
8708733143383938
0541181400943738
5692133194202667
1611345552843383
4324408341381188
0314881920949767
3186428537739079
6388559394015871
5769961590434044
2481395935271942
7520537899411344
0166961578191161
0136095112340322
1097937346142114
8355899007771241
6333781690944108
4769564596629327
1798013922915326
6597715758223993
5361729833185533
8754335906813622
7415846437618701
7395438327674330
1657849295864732
3290496011486902
8603191390762627
0492631368674014
5497001423302815
7507265424173151
3995273738220952
1005857246824844
6237398170331425
7689832297800359
7141818749410647
4590441550212646
6341096996767962
0444647752878343
1426401706315442
8940033096254007
1291953624144612
1534705363106299
9311819832920457
5129443574798369
9966309471966502
5757876505160367
2258837303822133
2588408679058334
5832739049925970
0034748616509131
3173281660693702
3444584125641337
7463185969200419
3790866180765620
6048440640564876
8243099229156246
6802358841972065
1101747116364613
6191499899232266
0681404293769689
3534244840886025
7448180611822118
1706182380230902
2864482261450215
1778025534514763
9116864917971678
8158006454100275
8857034931534279
4410513113722307
8595971931232770
3691852768131499
8380095584011183
3083798890927555
6125912051772075
4104032244003830
2240473693664819
5100696978212800
5963049225248687
9690266874045176
4527212372960718
3948670894502625
2117878389924100
9295336375945080
3180234878112732
6949771216239271
5867052489026059
2767781014258824
0942554454570321
2420426654459850
5105778825127903
0894690311392249
4596111202208863
6993169923527681
1812338145663854
8802328798663327
1592876591517592
0852487536427610
7699001066097321
7743665831385206
3890379453686878
3721988944332296
3383145327612596
9827108346519148
4219380104234155
3972596080388477
1853090636355798
7537418912883136
1760684550216979
7819162703300906
5879405110464044
5751992048415286
8509100147129441
5546754296937329
4726949697973381
3659967662681408
5365289174073839
3405418847290218
8845913359539316
8207972624069350
8940249659716497
4426213359754308
7569803566667871
3858690288142051
5023632543506327
7841962767450482
3739447251484238
2368478960823352
4106764819421050
0105337613337822
8228553046547591
5040656764872969
1092977354203242
2518752229392005
5502111775606712
7722439455514062
2996805485281003
6480680385483342
2664824811201427
3723133606739380
2590601941839395
1519542373047799
4944247995941298
9985584992275325
4322636016786545
4855774026127644
3730620853566536
2752106226337798
1940184511828028
4863350510764220
6143764804505678
7361062193787851
9168726850401038
7775896773774868
3613407771632499
6058125485451228
0065879080651443
9161426072181073
5793929244314712
8645132451605176
8826486430490790
2700054190255747
5882711797449798
5594705199631576
0983533134908583
5754170341871542
7576100506419508
2765620600340791
0443197834794678
4497918559487695
0975018553829295
6010098023900772
9787209999258590
8107200180236710
0620347461004610
2450335846017048
8773242393360100
9747134276088961
4899328205097446
0231080229393808
6131817047340195
2674509595570040
1529004021639130
0227030470601631
8824778325312068
5136057288998726
6733277241466763
3899534338451625
0089400236976389
7024730253120734
6612157870514906
9221903025439098
9386531289414122
6222513276436258
9709201743034834
6926171709191779
7627138107724922
9200626196199680
1727805739693861
8539012340416147
4049494011859158
8590990178427218
8669529180853204
6419600246128412
2503826560519587
2253349323112378
0278802120068354
7259012321554226
1929959005406573
2775706789652317
3645284084334482
1827387308563489
6889495849402800
3425772998319216
3793482112380029
7829979467416999
8053445914935587
2497419234600362
5448884850946791
4012616905587008
5462144046073435
7503526217589882
0474939661995282
3556086197459444
7211398603161550
1694836697511938
5926314252826641
6995217299157396
1790084234021645
3122260822717094
1631861999423345
6126740128198607
5809249616972594
9850439535449143
6039050286853283
2698883950702384
7525640724356057
9942231673598338
7613118931773416
4721251404119773
5479814788308057
5450981168144125
2663584700669264
8695692320760016
9166786040770315
4118764956933978
9750721068168570
3911257487925748
1686164518397463
8478680848389944
9855146699891040
5548618710308950
8031974589549952
5811330546146331
6087443445790715
0278717765065500
0550143101063885
1072018730091711
8149360266519819
5585204991017721
0045115892518915
7770151754935481
7653379361147439
1792662871443990
4702999283260777
3406787545997811
2575023795560309
6162308583288053
9500150144253966
2190312430746899
1262995831221333
0309050626285266
1974914389492888
1836957903146110
6549222399222061
6597654894290806
5556471094408093
7536115815141738
9317337435632385
4833719641305891
0888484011330781
9750814751106307
0202243699401055
1361919652907283
5372310424097760
9896819318523369
7252515286614945
3985023013005193
3265213195069974
7085674308155467
8396030315852339
7692500188535140
8748845112676472
8258756998579769
7646216219999997
7444427232324763
8987368153821559
1336592017269710
8880905104219362
1523525089846972
9176003523080394
1697826794030934
1928053622022985
1939748362188959
8183514060500342
5860168037627269
2639289899159208
6034255999730790
5792347469122034
6814007968198302
6681445924488199
4396600552553836
3261263738543724
7925575002826365
6937937220569796
3764791099644832
1066727701162204
7241757299239195
3982102636233565
3429432950576137
9923103410672647
3384627608811915
4548928912368052
6751930840883503
8079662957717798
7996693398472701
6560848158356230
6392311119793265
2309220985643999
9702114294811762
3037862906040192
7605854123557709
0333390666972274
5644422805300612
6848738939162301
3368575227051071
8868264745647643
9592128667013030
6101068819283731
7770824148667427
9386309682231253
3454306274286651
3200966880372578
0141598452213810
7643470317544180
3358689365154969
1679365267765286
6215183415501835
0900564181115140
8145305733993970
7521119053143828
1788231558392301
3015004307520493
4978912302419377
4126243246397267
9934265758951368
6344056419837518
6589923900560372
6492894018853579
5605596316037662
3043488299889623
4057803015997695
8353995857096038
4950880933453890
6663250970870966
1823103947133005
4895144092531900
1828468829074452
2185013989439239
2593499210283188
5754892227067091
2427573923923710
5505552571759184
5494914860367534
8109223772560367
2543100080929315
0973460601786760
0216956794367944
5087016670022826
1737347278094688
6430774978643765
8177861115550432
4671203889895341
2139690530294427
9029835119231193
9861709435083966
7430962304593595
8161134461152513
0221968239264826
3964086948455515
5430137427291413
1476426853087290
4901290239815447
4864926218648996
1613019944546647
8811949345366102
7335317712079388
9153494749384486
5639100294085866
3554972716610811
6040528509898800
5749867348642906
3977508091552551
7423220272685002
2728374980692269
6692017691752139
1139696566369934
9367663425873038
0196056568721495
8995012860364401
2352307136757070
8236519785809221
8372375205940483
2567334910441993
2828153245777748
6023019204006612
1255441506880461
8249644434830692
7669724967517451
7531250558463572
3243873830196496
9846878048388193
3466267963315968
2548003355978689
4579376264162079
2628354577103225
9968866895749626
2060754449822025
6173544860179850
5297327807283849
1184567762401301
2790535537288329
0675576875400279
4618352000796751
4177406166164300
0193189532503155
0583031613093538
6196621810032241
6353446398522686
4124111737409367
3138999292930429
5333108183611546
4707055024774509
2119554238422949
3445314273876065
8188066843033561
5764802357434103
1761068553289892
6469344388085411
5842271060162462
0929023605426477
7011796785800755
6561257284700678
3816074937757577
4121612801913665
1407050313798800
9381394360051266
8234985158575543
1644823227092147
5762853198879020
3112803094228207
4630038671114897
7822122440477341
4478448362907660
3936012990503741
7669673152841768
6300811398792069
0879604363822969
3999089711937009
0592376006266730
0119884406069222
8438867332405799
5297238228860086
1011860698909398
2562398559039893
5168106381369458
0328951953335950
0569356269527238
5771380219935512
8694414701445111
9476843874583499
6037993491109818
7572722581317773
6159987820510155
6743312765155797
4422177509316348
9448234476606315
4446359578874664
9497366266156796
8568131088050467
0254411436433949
0047688541180439
7820422119282248
1247788058777933
9281841487413251
9085054228268562
7232133934331288
9338000010851060
6229442916915354
4468352500732645
6579177661422858
9649838754298147
7789024715762694
7536230283210028
7414511480247871
6567059436768963
7328118654810844
3319263470892858
0807993828734491
1588552491040886
4671476634137175
3725373725149471
1022461884027542
9560245453143212
2520886306368722
0732760276223344
5938349864216325
5639614431478690
3312676963198486
1489771770609266
9409055728849608
5917675408140885
0962867177326354
1989289550239954
0606137746805144
2892275953391223
4614096538855002
9606763340730983
4950766674329529
9516279879323766
3015941441325716
4486552342938007
7708807864473049
2834267238485211
7093090530371106
0639641196456385
9507689784405488
8492761744705820
8961903810079595
4967953229289906
0347723700018738
4629315088227872
3418538910386427
1771110726925698
2802636099937305
1748556589845865
1571021097331693
7565108541051930
1440432961429711
6448162958808287
2688301587883236
7548658510707915
2466989308830730
3573380734685479
8558579860908965
3266863953281408
6854775426624240
8874475622392551
5512202623823300
0718498342308199
4276567857553527
2725348719800518
4986434462205779
8616221767168388
3211152266266081
1292347815751175
2064889171195263
7049037571438664
4971967424428490
5565972316187362
4884255847385519
1590479219133437
4410198503941904
1243048544109834
3644529827602550
9291674067228894
8777347022271386
0316305560531062
0846508761438062
0436950432910204
8892248246172672
8777222743585458
9364313165012039
6386830034219067
6942981742975049
9799543313637032
4281913716845524
6072769370968103
4782432812869516
9599000885076567
5667834354637476
3058637429425886
2421198678483140
8971951474512276
4263649394978141
5367049385539023
0026127037236801
1304869593594620
0204017405131431
3024902223259771
9806862393456180
8243102075060800
5516661062766351
6576223398708529
0404279455393483
5120380601565121
4661139129934552
8058296962302730
1420764617102430
7034213330861876
0092258556747592
6558546750140657
0873387488379261
5301540286246040
0009277151089005
5747537211282929
8769547373282791
2391902445390605
5783141369706484
7591585207996111
2291552542715323
8522598195540676
8747931503750041
6689535213333940
4150524692179865
9341704635966270
9749453000493825
0311400155430166
9867863685668879
7845852622901449
9821108477523645
9031158206195853
9685211234446177
9967441352483506
2400477851520559
5796998518150254
1977445941812334
1925852995855090
7644705011502112
3152289322730953
5394175137497083
3099440567808643
2415835590971353
7158500391220711
7148019341134693
4492128579322967
4359716035121801
7594157052375068
8835479381261173
6077034261042350
5734635996842379
7502322364189651
0855615218449231
5010022819750220
1115323734432342
0783242815002374
8065360973761371
4525216694762694
9849507867034000
9909353180551424
3331383464172222
7031331622887724
8744695176365218
5344892572179842
1043938615542764
3228246432522818
5884228367542967
4360062762141695
2049193789506399
0654596992211296
3650414200058066
0438452750204365
8206862349548043
9787246541879216
7214529757377550
2066412407084475
4683031081739485
5449079391727605
9089935616920117
5062823159942961
2938132334118668
6482092226736612
8085611205663173
6019142459877243
8280594892350140
9843496394355152
9853366206597537
7447583633773047
6266684004174408
8787529960592274
8302483653332918
8997448255544628
5180108615629613
6658303414466015
6356669107884074
3704593795866789
7932066626042090
4106501742366900
0852938701434556
6801469017582405
9807914098254635
8494412366544288
7474132618122284
0419606971059784
5202725516840902
7721412364031029
6001752256584735
5938934854300179
9945965136609657
5569341194851102
7163168100157554
7703965468401532
7661732818754724
7260818874105733
6842932234822212
5437701685187639
8818754232804062
3975765617728759
8306468044892062
3037661684317270
1080431680391301
2042101216019852
9267832126219525
3380581933287217
3689077479980227
0575719631871482
8438500420282994
5411334359955955
9958755944067572
5759118610265536
9179177074813019
2004427208078820
6608813503301783
6797461229938252
3497528592223902
8011103299532985
9574856139602553
7563613684485105
0943647981917741
5361644943704958
3966810129700211
0000764891947393
3523247491561864
5969241975196292
6706893789207291
0222566094063579
6569130319751536
5993464144594386
8537775027062397
0701679734111287
7590790556493001
5452899472778418
4253381115037760
1691288024734696
7775449871824494
3381907023831235
8443300958745785
6695788601621063
0683060368138422
3681779110640337
1810292003452931
7881871689158230
3783750960673079
8140072430479193
4879038040742260
3659710740833431
7025723743078218
7186076558136407
0533924892052981
7531269587338072
5783351492059863
2404549460596198
6315479301789432
5055165961832291
9545654230385201
7917649174251629
0776265935831372
8684537591916264
5004178325520259
9704506526097156
9756112883929356
3354072162522781
6696366161653398
5757852143442522
9221045238641902
5078047193591492
2883681370717409
4822268815531191
1220553574304474
0265066097337448
6354463850675291
1000484206340639
6139404016263917
0891173915770567
5320044076881770
1820725602041611
8645788129588373
5543326971362158
8771103629794712
4977049639628491
1217083860799906
2135951994879952
5520843899835735
3242884955292278
9468742168971848
2938069700712147
8303196324134986
2665750644922019
2772443548097189
2262886625486922
6216061943429311
0336022787699316
3661902213680122
3022458192349828
3772312631884265
5668747562069481
2584862678577151
8390536324830567
7333295387914857
4918480082833198
9266545291374876
6371179342381553
1844928117912289
8455111843250834
5967619325600027
9692020023009222
1160491393109636
7679840055825288
4417000603967049
4382091848528794
0551221018491812
7831264906803733
5034222534131728
3950203943318257
7413465187596668
0011097950460486
8652081312944025
7726572730331667
8707465670173881
3059238439733047
7335033263744574
9366910774556916
0375474722540037
0295907870991956
4480391615032730
8907425950833384
9128899039889186
5136161277318799
3276642330636973
3927568187684691
4467189576348910
3742912599273683
9217341051465310
5131624627261558
1387606303194250
3244835897919547
1663079480058634
5344835671374077
4193860852876287
2073046127303600
8760580786771178
4333797244378387
4960040418478016
8240782060489040
8281094015796583
6700324660266268
7156846059999820
8774845363090411
5805880697370455
0224106850970109
0960107425984526
8095054346278849
3189272970379364
0562098222211675
9743342535027512
8615074325366396
3321610798265393
5107706176592420
1978645488903246
1190574960955551
0321621521990320
4490366684237895
9522323853810603
5867559964652456
6777670296858134
1224420611742840
7496314059943945
3568607645909585
5479600412699635
1165754115171652
2953219280065235
2755096257166580
4209053092223748
3121052311668311
4650861596076650
8754508925214231
6945865028960684
9216797932062252
4955500745605533
6425521401536853
9873289111461387
8356846640489575
1771827467906700
4944116234643197
0975711063490404
4765080870408661
4358025763187999
0008770194107817
8044008131748129
2051749767866112
2733765551807694
3116321756193947
5009339386374037
5193891969071125
9216177119493664
8100923258337993
3107672876317211
4315725028626496
5888059065145336
0176904550618260
2761389246297718
2199607724834361
2558809361208263
7240894306747562
4052223987560140
4637056186496355
7936123959950266
5449136814842960
2447063606049034
6618602763743061
8717846472721574
5923761964623953
9828693113292175
7462069686000686
2834249723527323
0618135987007643
7999570829754186
7981054804720164
3004502361480301
1681635418712410
3841874638177751
1574896593712348
9712858437030234
0154977991000404
5224553521824035
6094430818527900
0180915498211706
3958503133764881
3151452215790162
4092510874563802
0352218821875893
6164018861965405
6635992458959882
2616921303179066
2731301547735255
2869382405547106
4130618390148882
9033875097764125
6012272319615108
8167035378757447
6185089774423538
9164291927172325
3737593549659696
7080489158071134
9059164202721558
5622799449656251
1348336673095802
9978109248542992
7374754389314135
7003876899211140
3327526959691724
4751512010973465
6763196948796519
2382109571274737
2081692082158398
2624632442484605
6326912176255795
7070604646823672
2811769356300005
6469866253518829
9112996606518728
3338982100866452
1321560247821655
4447771631101965
2789116508689860
3134259958226131
5762235049055836
4686481356242139
4254507888574045
1258388769519424
7853309952216648
0522144617596178
0218004426204544
9547840806449363
0299997122665694
4978945143700540
9500577836455284
3561653144155661
4254221559498231
9560591817035298
5649064991160936
7052704496919687
1356612797668689
9293780027976014
6795697552195600
8833023745052659
0275740306913308
8273833711093081
2610583560295727
7995858435182789
2185382192736832
0218100557717806
7331062615542814
0217730025993961
5554105445685933
5771733693652268
7515526661289272
2473381873208110
0876226598351927
0098803214469763
9708691924523324
1349923828856938
7097448250311715
5918058219479310
3450226063340354
9856476419644144
1741993179407695
1214684987579537
8755922394258388
3546257927731571
6798107053318684
9255099700096438
4235748457769201
6324666584473662
9505061996959409
8129746039958973
5617755960866690
2113162133428063
7282202947621572
5830050204643389
0124548465017984
5225298757437978
1897292632542842
4162971571958670
4204048575326745
5914237903221204
0049896200457800
2210400333973948
8340187636130415
6989790016592322
9250378875069146
1008627415717829
2716026776056599
0286094906805706
4716256901642517
5956641694925375
3673368592956534
4862166496983255
8741110408663182
0639669355638953
0641429569969985
0294045454441600
2547414793690711
5906454269284655
5416870424580790
6349682790569363
4759904399774641
5645884330297352
0124603260134608
0837181624397458
5171094486152980
1930793797454956
8690504939156836
8174979544394572
8849032534730525
0036685158994286
2300040977969017
3981821900278675
3436563604325501
0275290967736575
8833072812952248
7520595470154165
8816023944735479
9215442450977403
5645795215515495
6974527937415816
7812483536661130
1219057751301378
6334829174583654
1667729512580997
8761756755028614
7160705126507821
6307114178102267
5707289165104926
3769002800418778
9636095959375059
0307191699971969
3949106573453333
0067872620304500
6737249218821383
5164279246219305
7268205800863119
4949359608363085
8019849014946263
9449960742334833
2454514759714305
